Instance,Parent_A,Parent_B,Child
0.000000,8.000000,38.000000,101.000000
0.000000,8.000000,40.000000,102.000000
0.000000,11.000000,84.000000,103.000000
0.000000,13.000000,89.000000,104.000000
0.000000,16.000000,28.000000,105.000000
0.000000,19.000000,49.000000,106.000000
0.000000,24.000000,48.000000,107.000000
0.000000,27.000000,78.000000,108.000000
0.000000,31.000000,85.000000,109.000000
0.000000,35.000000,96.000000,110.000000
0.000000,44.000000,95.000000,111.000000
0.000000,53.000000,76.000000,112.000000
0.000000,55.000000,68.000000,113.000000
0.000000,55.000000,112.000000,114.000000
0.000000,64.000000,66.000000,115.000000
0.000000,67.000000,32.000000,116.000000
0.000000,71.000000,87.000000,117.000000
0.000000,86.000000,14.000000,118.000000
0.000000,94.000000,99.000000,119.000000
0.000000,107.000000,88.000000,120.000000
0.000000,111.000000,115.000000,121.000000
0.000000,113.000000,112.000000,122.000000
1.000000,12.000000,70.000000,123.000000
1.000000,29.000000,70.000000,124.000000
2.000000,121.000000,123.000000,125.000000
61.000000,40.000000,101.000000,126.000000
62.000000,17.000000,65.000000,127.000000
62.000000,103.000000,126.000000,128.000000
91.000000,23.000000,128.000000,129.000000
114.000000,45.000000,108.000000,130.000000
